[home-content-background.jpg]
filters=finetune2=1,0.000000,0.000000,0.151579,00000000,0.000000;autolight=1;finetune2=1,0.000000,0.000000,0.143158,00000000,0.000000;finetune2=1,0.000000,0.000000,0.000000,00000000,0.040936;fill=1,0.168224;
moddate=60e55be6c967d101
width=1772
height=1186
textactive=0
[home-content-background.1.jpg]
filters=finetune2=1,0.000000,0.000000,0.196491,00000000,0.000000;
moddate=8b18b809ca67d101
width=1772
height=1186
textactive=0
